20151101_072044.jpg 20151101 00 10
20151101_075045.jpg 20151101 00 45
20151101_082054.jpg 20151101 01 15
20151101_085055.jpg 20151101 01 45
20151101_092045.jpg 20151101 02 15
20151101_095043.jpg 20151101 02 45
20151101_102047.jpg 20151101 03 15
20151101_105100.jpg 20151101 03 45
20151101_112047.jpg 20151101 04 15
20151101_115055.jpg 20151101 04 45
20151101_122053.jpg 20151101 05 15
20151101_125056.jpg 20151101 05 45
20151101_132039.jpg 20151101 06 15
20151101_135052.jpg 20151101 06 45
20151101_142050.jpg 20151101 07 15
20151101_145049.jpg 20151101 07 45
20151101_152050.jpg 20151101 08 15
20151101_155059.jpg 20151101 08 45
20151101_162053.jpg 20151101 09 15
20151101_165048.jpg 20151101 09 45
20151101_172044.jpg 20151101 10 15
20151101_175046.jpg 20151101 10 45
20151101_182052.jpg 20151101 11 15
20151101_185044.jpg 20151101 11 45
20151101_191801.jpg 20151101 12 10
20151101_192053.jpg 20151101 12 15
20151101_195106.jpg 20151101 12 45
20151101_202048.jpg 20151101 13 15
20151101_205109.jpg 20151101 13 45
20151101_212047.jpg 20151101 14 15
20151101_215048.jpg 20151101 14 45
20151101_222053.jpg 20151101 15 15
20151101_225048.jpg 20151101 15 45
20151101_232057.jpg 20151101 16 10
20151101_235039.jpg 20151101 16 45
20151102_002051.jpg 20151101 17 15
20151102_005050.jpg 20151101 17 45
20151102_012049.jpg 20151101 18 15
20151102_015052.jpg 20151101 18 45
20151102_022047.jpg 20151101 19 15
20151102_025054.jpg 20151101 19 45
20151102_032042.jpg 20151101 20 15
20151102_035058.jpg 20151101 20 45
20151102_042051.jpg 20151101 21 15
20151102_045041.jpg 20151101 21 45
20151102_052055.jpg 20151101 22 15
20151102_055050.jpg 20151101 22 45
20151102_062055.jpg 20151101 23 15
20151102_065042.jpg 20151101 23 45
20151102_072051.jpg 20151102 00 15
20151102_075040.jpg 20151102 00 40
20151102_082046.jpg 20151102 01 15
20151102_085044.jpg 20151102 01 45
20151102_092044.jpg 20151102 02 10
20151102_095041.jpg 20151102 02 45
20151102_102059.jpg 20151102 03 15
20151102_105048.jpg 20151102 03 45
20151102_112047.jpg 20151102 04 15
20151102_115049.jpg 20151102 04 45
20151102_122058.jpg 20151102 05 15
20151102_125042.jpg 20151102 05 45
20151102_132102.jpg 20151102 06 15
20151102_135044.jpg 20151102 06 45
20151102_142055.jpg 20151102 07 15
20151102_145051.jpg 20151102 07 45
20151102_152053.jpg 20151102 08 15
20151102_155056.jpg 20151102 08 45
20151102_162049.jpg 20151102 09 15
20151102_165040.jpg 20151102 09 45
20151102_172044.jpg 20151102 10 15
20151102_175048.jpg 20151102 10 45
20151102_182046.jpg 20151102 11 15
20151102_185047.jpg 20151102 11 45
20151102_191757.jpg 20151102 12 10
20151102_192055.jpg 20151102 12 15
20151102_195044.jpg 20151102 12 45
20151102_202057.jpg 20151102 13 15
20151102_205043.jpg 20151102 13 45
20151102_212058.jpg 20151102 14 15
20151102_215100.jpg 20151102 14 45
20151102_222057.jpg 20151102 15 15
20151102_225053.jpg 20151102 15 45
20151102_232047.jpg 20151102 16 15
20151102_235043.jpg 20151102 16 45
20151103_002056.jpg 20151102 17 10
20151103_005048.jpg 20151102 17 45
20151103_012054.jpg 20151102 18 15
20151103_015049.jpg 20151102 18 45
20151103_022050.jpg 20151102 19 15
20151103_025046.jpg 20151102 19 45
20151103_032103.jpg 20151102 20 15
20151103_035044.jpg 20151102 20 45
20151103_042034.jpg 20151102 21 10
20151103_045049.jpg 20151102 21 45
20151103_052049.jpg 20151102 22 15
20151103_055049.jpg 20151102 22 45
20151103_062046.jpg 20151102 23 15
20151103_065056.jpg 20151102 23 45
