20151101_231422.jpg 20151102 00 13
20151101_234414.jpg 20151102 00 43
20151102_001427.jpg 20151102 01 14
20151102_004355.jpg 20151102 01 43
20151102_011408.jpg 20151102 02 13
20151102_014413.jpg 20151102 02 43
20151102_021402.jpg 20151102 03 13
20151102_024417.jpg 20151102 03 43
20151102_031422.jpg 20151102 04 14
20151102_034429.jpg 20151102 04 43
20151102_041420.jpg 20151102 05 14
20151102_044410.jpg 20151102 05 43
20151102_051433.jpg 20151102 06 14
20151102_061415.jpg 20151102 07 13
20151102_064442.jpg 20151102 07 44
20151102_071409.jpg 20151102 08 13
20151102_074413.jpg 20151102 08 43
20151102_081417.jpg 20151102 09 13
20151102_084424.jpg 20151102 09 43
20151102_091412.jpg 20151102 10 13
20151102_094430.jpg 20151102 10 44
20151102_101416.jpg 20151102 11 13
20151102_104406.jpg 20151102 11 43
20151102_111405.jpg 20151102 12 13
20151102_114408.jpg 20151102 12 43
20151102_121425.jpg 20151102 13 13
20151102_124428.jpg 20151102 13 43
20151102_131422.jpg 20151102 14 13
20151102_134425.jpg 20151102 14 44
20151102_141415.jpg 20151102 15 13
20151102_144429.jpg 20151102 15 44
20151102_151414.jpg 20151102 16 13
20151102_154415.jpg 20151102 16 43
20151102_161428.jpg 20151102 17 13
20151102_164426.jpg 20151102 17 43
20151102_171425.jpg 20151102 18 14
20151102_174442.jpg 20151102 18 44
20151102_181409.jpg 20151102 19 13
20151102_184412.jpg 20151102 19 43
20151102_191409.jpg 20151102 20 13
20151102_194427.jpg 20151102 20 44
20151102_201419.jpg 20151102 21 13
20151102_204436.jpg 20151102 21 44
20151102_211407.jpg 20151102 22 13
20151102_214418.jpg 20151102 22 34
20151102_221422.jpg 20151102 23 14
20151102_224420.jpg 20151102 23 44
20151106_231439.jpg 20151107 00 14
20151106_234439.jpg 20151107 00 44
20151107_001445.jpg 20151107 00 14
20151107_004446.jpg 20151107 01 44
20151107_011447.jpg 20151107 02 14
20151107_014423.jpg 20151107 02 44
20151107_021443.jpg 20151107 03 14
20151107_024434.jpg 20151107 03 44
20151107_031436.jpg 20151107 04 14
20151107_034424.jpg 20151107 04 44
20151107_041438.jpg 20151107 05 14
20151107_044437.jpg 20151107 05 44
20151107_051441.jpg 20151107 06 14
20151107_054442.jpg 20151107 06 44
20151107_061444.jpg 20151107 07 14
20151107_064445.jpg 20151107 07 44
20151107_071452.jpg 20151107 08 14
20151107_074455.jpg 20151107 08 44
20151107_084400.jpg 20151107 09 43
20151107_091429.jpg 20151107 10 14
20151107_094441.jpg 20151107 10 44
20151107_101455.jpg 20151107 11 14
20151107_104430.jpg 20151107 11 44
20151107_111434.jpg 20151107 12 14
20151107_114448.jpg 20151107 12 44
20151107_124359.jpg 20151107 13 43
20151107_131419.jpg 20151107 14 14
20151107_134430.jpg 20151107 14 44
20151107_141442.jpg 20151107 15 14
20151107_144446.jpg 20151107 15 44
20151107_154407.jpg 20151107 16 44
20151107_161429.jpg 20151107 17 14
20151107_164439.jpg 20151107 17 44
20151107_171449.jpg 20151107 18 14
20151107_181410.jpg 20151107 19 14
20151107_184410.jpg 20151107 19 44
20151107_191407.jpg 20151107 20 14
20151107_194429.jpg 20151107 20 44
20151107_201424.jpg 20151107 21 14
20151107_204410.jpg 20151107 21 44
20151107_211433.jpg 20151107 22 14
20151107_214446.jpg 20151107 22 44
20151107_224408.jpg 20151107 23 44
