20151101_220803.jpg 1 00 08
20151101_223815.jpg 1 00 38
20151101_230818.jpg 1 01 08
20151101_233815.jpg 1 01 38
20151102_000817.jpg 1 02 08
20151102_003810.jpg 1 02 38
20151102_010806.jpg 1 03 08
20151102_013807.jpg 1 03 38
20151102_020819.jpg 1 04 08
20151102_023804.jpg 1 04 38
20151102_030811.jpg 1 05 08
20151102_033803.jpg 1 05 38
20151102_040815.jpg 1 06 08
20151102_043818.jpg 1 06 38
20151102_050803.jpg 1 07 08
20151102_053821.jpg 1 07 38
20151102_060808.jpg 1 08 08
20151102_063805.jpg 1 08 38
20151102_070806.jpg 1 09 08
20151102_073815.jpg 1 09 38
20151102_080819.jpg 1 10 08
20151102_083816.jpg 1 10 38
20151102_090819.jpg 1 11 08
20151102_093808.jpg 1 11 38
20151102_100817.jpg 1 12 08
20151102_103817.jpg 1 12 38
20151102_110821.jpg 1 13 08
20151102_113809.jpg 1 13 38
20151102_120822.jpg 1 14 08
20151102_123832.jpg 1 14 38
20151102_130817.jpg 1 15 08
20151102_133810.jpg 1 15 38
20151102_140813.jpg 1 16 08
20151102_143825.jpg 1 16 38
20151102_150812.jpg 1 17 08
20151102_153818.jpg 1 17 38
20151102_160817.jpg 1 18 08
20151102_163816.jpg 1 18 38
20151102_170810.jpg 1 19 08
20151102_173822.jpg 1 19 38
20151102_180819.jpg 1 20 08
20151102_183818.jpg 1 20 38
20151102_190824.jpg 1 21 08
20151102_193808.jpg 1 21 38
20151102_200815.jpg 1 22 08
20151102_203819.jpg 1 22 38
20151102_210806.jpg 1 23 08
20151102_213822.jpg 1 23 38
20151107_220837.jpg 2 00 08
20151107_223857.jpg 2 00 38
20151107_230900.jpg 2 01 08
20151107_233857.jpg 2 01 38
20151108_003816.jpg 2 02 38
20151108_010807.jpg 2 03 08
20151108_013815.jpg 2 03 38
20151108_020819.jpg 2 04 08
20151108_023901.jpg 2 04 38
20151108_030851.jpg 2 05 08
20151108_033852.jpg 2 05 38
20151108_040848.jpg 2 06 08
20151108_043858.jpg 2 06 38
20151108_053812.jpg 2 07 38
20151108_060845.jpg 2 08 08
20151108_070814.jpg 2 09 08
20151108_073827.jpg 2 09 38
20151108_080843.jpg 2 10 08
20151108_083900.jpg 2 10 38
20151108_093815.jpg 2 11 38
20151108_100817.jpg 2 12 08
20151108_103826.jpg 2 12 38
20151108_110835.jpg 2 13 08
20151108_113828.jpg 2 13 38
20151108_120840.jpg 2 14 08
20151108_123849.jpg 2 14 38
20151108_130850.jpg 2 15 08
20151108_133906.jpg 2 15 39
20151108_143823.jpg 2 16 38
20151108_150830.jpg 2 17 08
20151108_153838.jpg 2 17 38
20151108_160847.jpg 2 18 08
20151108_163904.jpg 2 18 39
20151108_173818.jpg 2 19 38
20151108_180823.jpg 2 20 08
20151108_183840.jpg 2 20 38
20151108_190845.jpg 2 21 08
20151108_193848.jpg 2 21 38
20151108_200910.jpg 2 22 09
20151108_203907.jpg 2 22 39
20151108_213809.jpg 2 23 38
