20151101_231039.jpg 20151102 00 10
20151101_234045.jpg 20151102 00 40
20151102_001048.jpg 20151102 01 10
20151102_004042.jpg 20151102 01 40
20151102_011044.jpg 20151102 02 10
20151102_014032.jpg 20151102 02 40
20151102_021044.jpg 20151102 03 10
20151102_024045.jpg 20151102 03 40
20151102_031039.jpg 20151102 04 10
20151102_034045.jpg 20151102 04 40
20151102_041110.jpg 20151102 05 10
20151102_044056.jpg 20151102 05 40
20151102_051034.jpg 20151102 06 10
20151102_054037.jpg 20151102 06 40
20151102_061038.jpg 20151102 07 10
20151102_064033.jpg 20151102 07 40
20151102_071031.jpg 20151102 08 10
20151102_074045.jpg 20151102 08 40
20151102_081038.jpg 20151102 09 10
20151102_084040.jpg 20151102 09 40
20151102_091037.jpg 20151102 10 10
20151102_094039.jpg 20151102 10 40
20151102_101043.jpg 20151102 11 10
20151102_104038.jpg 20151102 11 40
20151102_111039.jpg 20151102 12 10
20151102_114041.jpg 20151102 12 40
20151102_121045.jpg 20151102 13 10
20151102_124042.jpg 20151102 13 40
20151102_131042.jpg 20151102 14 10
20151102_134035.jpg 20151102 14 40
20151102_141041.jpg 20151102 15 10
20151102_144043.jpg 20151102 15 40
20151102_151034.jpg 20151102 16 10
20151102_154033.jpg 20151102 16 40
20151102_161048.jpg 20151102 17 10
20151102_164029.jpg 20151102 17 40
20151102_171034.jpg 20151102 18 10
20151102_174044.jpg 20151102 18 40
20151102_181045.jpg 20151102 19 10
20151102_184033.jpg 20151102 19 40
20151102_191035.jpg 20151102 20 10
20151102_194036.jpg 20151102 20 40
20151102_201043.jpg 20151102 21 10
20151102_204033.jpg 20151102 21 40
20151102_211038.jpg 20151102 22 10
20151102_214052.jpg 20151102 22 40
20151102_221039.jpg 20151102 23 10
20151102_224045.jpg 20151102 23 40
20151104_231102.jpg 20151105 00 10
20151104_234114.jpg 20151105 00 40
20151105_001113.jpg 20151105 01 10
20151105_004106.jpg 20151105 01 40
20151105_011128.jpg 20151105 02 10
20151105_014052.jpg 20151105 02 40
20151105_021112.jpg 20151105 03 10
20151105_024056.jpg 20151105 03 40
20151105_031031.jpg 20151105 04 10
20151105_034039.jpg 20151105 04 40
20151105_041042.jpg 20151105 05 10
20151105_044117.jpg 20151105 05 40
20151105_051058.jpg 20151105 06 10
20151105_054040.jpg 20151105 06 40
20151105_061058.jpg 20151105 07 10
20151105_064053.jpg 20151105 07 40
20151105_071039.jpg 20151105 08 10
20151105_074053.jpg 20151105 08 40
20151105_081056.jpg 20151105 09 10
20151105_084053.jpg 20151105 09 40
20151105_091042.jpg 20151105 10 10
20151105_094106.jpg 20151105 10 40
20151105_101045.jpg 20151105 11 10
20151105_104103.jpg 20151105 11 40
20151105_111106.jpg 20151105 12 10
20151105_114059.jpg 20151105 12 40
20151105_121040.jpg 20151105 13 10
20151105_124054.jpg 20151105 13 40
20151105_131104.jpg 20151105 14 10
20151105_134103.jpg 20151105 14 40
20151105_141042.jpg 20151105 15 10
20151105_144048.jpg 20151105 15 40
20151105_151042.jpg 20151105 16 10
20151105_154106.jpg 20151105 16 40
20151105_161046.jpg 20151105 17 10
20151105_164102.jpg 20151105 17 40
20151105_171057.jpg 20151105 18 10
20151105_174046.jpg 20151105 18 40
20151105_181042.jpg 20151105 19 10
20151105_184112.jpg 20151105 19 40
20151105_191044.jpg 20151105 20 10
20151105_194055.jpg 20151105 20 40
20151105_201054.jpg 20151105 21 10
20151105_204109.jpg 20151105 21 40
20151105_211113.jpg 20151105 22 10
20151105_214102.jpg 20151105 22 40
20151105_221115.jpg 20151105 23 10
