20151101_072507.jpg 20151101 00 27
20151101_075502.jpg 20151101 00 56
20151101_082503.jpg 20151101 01 26
20151101_085511.jpg 20151101 01 57
20151101_092511.jpg 20151101 02 27
20151101_095505.jpg 20151101 02 57
20151101_105513.jpg 20151101 03 57
20151101_112505.jpg 20151101 04 27
20151101_115515.jpg 20151101 04 57
20151101_122510.jpg 20151101 05 27
20151101_125509.jpg 20151101 05 57
20151101_132459.jpg 20151101 06 26
20151101_135513.jpg 20151101 06 57
20151101_142506.jpg 20151101 07 27
20151101_145511.jpg 20151101 07 57
20151101_152512.jpg 20151101 08 27
20151101_155521.jpg 20151101 08 57
20151101_162527.jpg 20151101 09 27
20151101_165511.jpg 20151101 09 57
20151101_172507.jpg 20151101 10 27
20151101_175522.jpg 20151101 10 57
20151101_182513.jpg 20151101 11 27
20151101_185509.jpg 20151101 11 57
20151101_192508.jpg 20151101 12 27
20151101_195515.jpg 20151101 12 57
20151101_202504.jpg 20151101 12 27
20151101_205503.jpg 20151101 12 57
20151101_212503.jpg 20151101 13 26
20151101_215515.jpg 20151101 13 57
20151101_222459.jpg 20151101 14 26
20151101_225508.jpg 20151101 14 57
20151101_232501.jpg 20151101 15 26
20151101_235514.jpg 20151101 15 57
20151102_002516.jpg 20151101 16 27
20151102_005513.jpg 20151101 16 57
20151102_022517.jpg 20151101 18 27
20151102_023617.jpg 20151101 18 38
20151102_025526.jpg 20151101 18 57
20151102_032524.jpg 20151101 19 27
20151102_035502.jpg 20151101 19 56
20151102_042516.jpg 20151101 20 27
20151102_045529.jpg 20151101 20 57
20151102_052501.jpg 20151101 21 26
20151102_055500.jpg 20151101 21 56
20151102_062501.jpg 20151101 22 26
20151102_065512.jpg 20151101 22 57
20151102_072511.jpg 20151101 23 27
20151102_075515.jpg 20151101 23 57
20151108_085531.jpg 20151108 00 58
20151108_092535.jpg 20151108 01 28
20151108_095555.jpg 20151108 01 58
20151108_102558.jpg 20151108 02 28
20151108_105603.jpg 20151108 02 58
20151108_115547.jpg 20151108 03 58
20151108_125508.jpg 20151108 04 58
20151108_132514.jpg 20151108 05 28
20151108_135519.jpg 20151108 05 58
20151108_142543.jpg 20151108 06 28
20151108_145529.jpg 20151108 06 58
20151108_152534.jpg 20151108 07 28
20151108_155514.jpg 20151108 07 58
20151108_162510.jpg 20151108 08 28
20151108_165515.jpg 20151108 08 58
20151108_172534.jpg 20151108 09 28
20151108_175519.jpg 20151108 09 58
20151108_182530.jpg 20151108 10 28
20151108_185545.jpg 20151108 10 58
20151108_192534.jpg 20151108 11 28
20151108_195536.jpg 20151108 11 58
20151108_202542.jpg 20151108 12 28
20151108_205552.jpg 20151108 12 58
20151108_215516.jpg 20151108 13 58
20151108_222515.jpg 20151108 14 28
20151108_225523.jpg 20151108 14 58
20151108_235525.jpg 20151108 15 58
20151109_002533.jpg 20151108 16 28
20151109_005536.jpg 20151108 16 58
20151109_012538.jpg 20151108 17 28
20151109_022536.jpg 20151108 17 58
20151109_025529.jpg 20151108 18 58
20151109_032547.jpg 20151108 19 28
20151109_035534.jpg 20151108 19 58
20151109_042553.jpg 20151108 20 28
20151109_045539.jpg 20151108 20 58
20151109_052602.jpg 20151108 21 28
20151109_055545.jpg 20151108 21 58
20151109_062558.jpg 20151108 22 28
20151109_065600.jpg 20151108 22 58
20151109_075517.jpg 20151108 23 57
