20151101_230446.jpg 20151102 00 04
20151101_230938.jpg 20151102 00 09
20151101_231455.jpg 20151102 00 14
20151101_232014.jpg 20151102 00 20
20151101_232440.jpg 20151102 00 24
20151101_233009.jpg 20151102 00 30
20151101_233436.jpg 20151102 00 34
20151102_000425.jpg 20151102 01 04
20151102_000532.jpg 20151102 01 05
20151102_000940.jpg 20151102 01 09
20151102_001506.jpg 20151102 01 14
20151102_002014.jpg 20151102 01 20
20151102_002509.jpg 20151102 01 25
20151102_002945.jpg 20151102 01 29
20151102_003445.jpg 20151102 01 34
20151102_004002.jpg 20151102 01 39
20151102_004454.jpg 20151102 01 44
20151102_004954.jpg 20151102 01 49
20151102_005452.jpg 20151102 01 54
20151102_005954.jpg 20151102 01 59
20151102_010455.jpg 20151102 02 04
20151102_010953.jpg 20151102 02 09
20151102_011456.jpg 20151102 02 14
20151102_011947.jpg 20151102 02 19
20151102_012455.jpg 20151102 02 24
20151102_012955.jpg 20151102 02 29
20151102_013445.jpg 20151102 02 34
20151102_013959.jpg 20151102 02 39
20151102_014459.jpg 20151102 02 44
20151102_014938.jpg 20151102 02 49
20151102_015439.jpg 20151102 02 54
20151102_020008.jpg 20151102 03 00
20151102_020453.jpg 20151102 03 04
20151102_020944.jpg 20151102 03 09
20151102_021445.jpg 20151102 03 14
20151102_021958.jpg 20151102 03 19
20151102_022514.jpg 20151102 03 25
20151102_022956.jpg 20151102 03 29
20151102_023443.jpg 20151102 03 34
20151102_024014.jpg 20151102 03 40
20151102_024458.jpg 20151102 03 44
20151102_025012.jpg 20151102 03 50
20151102_025457.jpg 20151102 03 54
20151102_025955.jpg 20151102 03 59
20151102_030448.jpg 20151102 04 04
20151102_030958.jpg 20151102 04 09
20151102_031441.jpg 20151102 04 14
20151102_031957.jpg 20151102 04 19
20151102_032453.jpg 20151102 04 24
20151102_032951.jpg 20151102 04 29
20151102_033434.jpg 20151102 04 34
20151102_034013.jpg 20151102 04 40
20151102_034436.jpg 20151102 04 44
20151102_035004.jpg 20151102 04 49
20151102_035441.jpg 20151102 04 54
20151102_035945.jpg 20151102 04 59
20151102_040436.jpg 20151102 05 04
20151102_040942.jpg 20151102 05 09
20151102_041504.jpg 20151102 05 14
20151102_041953.jpg 20151102 05 19
20151102_042455.jpg 20151102 05 24
20151102_042937.jpg 20151102 05 29
20151102_043511.jpg 20151102 05 35
20151102_044014.jpg 20151102 05 40
20151102_044435.jpg 20151102 05 44
20151102_045004.jpg 20151102 05 49
20151102_045950.jpg 20151102 05 59
20151102_050439.jpg 20151102 06 04
20151102_050935.jpg 20151102 06 09
20151102_051441.jpg 20151102 06 14
20151102_052002.jpg 20151102 06 19
20151102_052514.jpg 20151102 06 25
20151102_052953.jpg 20151102 06 29
20151102_053436.jpg 20151102 06 34
20151102_054001.jpg 20151102 06 39
20151102_054441.jpg 20151102 06 44
20151102_054947.jpg 20151102 06 49
20151102_055457.jpg 20151102 06 54
20151102_055954.jpg 20151102 06 59
20151102_060456.jpg 20151102 07 04
20151102_060941.jpg 20151102 07 09
20151102_061450.jpg 20151102 07 14
20151102_062005.jpg 20151102 07 19
20151102_062454.jpg 20151102 07 24
20151102_062956.jpg 20151102 07 29
20151102_063459.jpg 20151102 07 34
20151102_064007.jpg 20151102 07 40
20151102_064500.jpg 20151102 07 44
20151102_064954.jpg 20151102 07 49
20151102_065454.jpg 20151102 07 54
20151102_065954.jpg 20151102 07 59
20151102_070516.jpg 20151102 08 05
20151102_071013.jpg 20151102 08 10
20151102_071502.jpg 20151102 08 14
20151102_071940.jpg 20151102 08 19
20151102_072443.jpg 20151102 08 24
20151102_073435.jpg 20151102 08 34
20151102_074010.jpg 20151102 08 40
20151102_074507.jpg 20151102 08 45
20151102_074952.jpg 20151102 08 49
20151102_075511.jpg 20151102 08 55
20151102_075948.jpg 20151102 08 59
20151102_080457.jpg 20151102 09 04
20151102_080935.jpg 20151102 09 09
20151102_081442.jpg 20151102 09 14
20151102_081956.jpg 20151102 09 19
20151102_082442.jpg 20151102 09 24
20151102_082940.jpg 20151102 09 29
20151102_083445.jpg 20151102 09 34
20151102_083947.jpg 20151102 09 39
20151102_084441.jpg 20151102 09 44
20151102_084953.jpg 20151102 09 49
20151102_085500.jpg 20151102 09 54
20151102_085946.jpg 20151102 09 59
20151102_090452.jpg 20151102 10 04
20151102_090952.jpg 20151102 10 09
20151102_091444.jpg 20151102 10 14
20151102_092016.jpg 20151102 10 20
20151102_092448.jpg 20151102 10 24
20151102_092955.jpg 20151102 10 29
20151102_093500.jpg 20151102 10 34
20151102_094008.jpg 20151102 10 40
20151102_094450.jpg 20151102 10 44
20151102_094945.jpg 20151102 10 49
20151102_095948.jpg 20151102 10 59
20151102_100443.jpg 20151102 11 04
20151102_101448.jpg 20151102 11 14
20151102_101956.jpg 20151102 11 19
20151102_102449.jpg 20151102 11 24
20151102_102953.jpg 20151102 11 29
20151102_103450.jpg 20151102 11 34
20151102_103953.jpg 20151102 11 39
20151102_104456.jpg 20151102 11 44
20151102_104943.jpg 20151102 11 49
20151102_105513.jpg 20151102 11 55
20151102_105942.jpg 20151102 11 59
20151102_110502.jpg 20151102 12 04
20151102_110947.jpg 20151102 12 09
20151102_111450.jpg 20151102 12 14
20151102_111951.jpg 20151102 12 19
20151102_112449.jpg 20151102 12 24
20151102_112950.jpg 20151102 12 29
20151102_113436.jpg 20151102 12 34
20151102_114003.jpg 20151102 12 39
20151102_114438.jpg 20151102 12 44
20151102_115002.jpg 20151102 12 49
20151102_115439.jpg 20151102 12 54
20151102_115956.jpg 20151102 12 59
20151102_120503.jpg 20151102 13 04
20151102_120935.jpg 20151102 13 09
20151102_121459.jpg 20151102 13 14
20151102_122002.jpg 20151102 13 19
20151102_122520.jpg 20151102 13 25
20151102_122952.jpg 20151102 13 29
20151102_123502.jpg 20151102 13 34
20151102_124008.jpg 20151102 13 40
20151102_124502.jpg 20151102 13 44
20151102_125450.jpg 20151102 13 54
20151102_125957.jpg 20151102 13 59
20151102_130452.jpg 20151102 14 04
20151102_130942.jpg 20151102 14 09
20151102_131512.jpg 20151102 14 15
20151102_131959.jpg 20151102 14 19
20151102_132457.jpg 20151102 14 24
20151102_132951.jpg 20151102 14 29
20151102_133457.jpg 20151102 14 34
20151102_134437.jpg 20151102 14 44	
20151102_134942.jpg 20151102 14 49
20151102_135439.jpg 20151102 14 54
20151102_135939.jpg 20151102 14 59
20151102_140448.jpg 20151102 15 04
20151102_141001.jpg 20151102 15 09
20151102_141533.jpg 20151102 15 15
20151102_141939.jpg 20151102 15 19
20151102_142437.jpg 20151102 15 24
20151102_143007.jpg 20151102 15 30
20151102_143442.jpg 20151102 15 34
20151102_143939.jpg 20151102 15 39
20151102_144458.jpg 20151102 15 44
20151102_144941.jpg 20151102 15 49
20151102_145520.jpg 20151102 15 55
20151102_145954.jpg 20151102 15 59
20151102_150440.jpg 20151102 16 04
20151102_150940.jpg 20151102 16 09
20151102_151955.jpg 20151102 16 19
20151102_153439.jpg 20151102 16 34
20151102_153942.jpg 20151102 16 39
20151102_154442.jpg 20151102 16 44
20151102_155023.jpg 20151102 16 50
20151102_155527.jpg 20151102 16 55
20151102_155952.jpg 20151102 16 59
20151102_160446.jpg 20151102 17 04
20151102_161942.jpg 20151102 17 19
20151102_162501.jpg 20151102 17 24
20151102_162944.jpg 20151102 17 29
20151102_163442.jpg 20151102 17 34
20151102_164002.jpg 20151102 17 39
20151102_164440.jpg 20151102 17 44
20151102_165024.jpg 20151102 17 50
20151102_165510.jpg 20151102 17 55
20151102_165933.jpg 20151102 17 59
20151102_170502.jpg 20151102 18 04
20151102_170945.jpg 20151102 18 09
20151102_171500.jpg 20151102 18 14
20151102_171949.jpg 20151102 18 19
20151102_172447.jpg 20151102 18 24
20151102_173023.jpg 20151102 18 30
20151102_173442.jpg 20151102 18 34
20151102_173942.jpg 20151102 18 39
20151102_174508.jpg 20151102 18 45
20151102_175001.jpg 20151102 18 49
20151102_175445.jpg 20151102 18 54
20151102_180022.jpg 20151102 19 00
20151102_180523.jpg 20151102 19 05
20151102_181014.jpg 20151102 19 10
20151102_181444.jpg 20151102 19 14
20151102_181943.jpg 20151102 19 19
20151102_182444.jpg 20151102 19 24
20151102_182948.jpg 20151102 19 29
20151102_183443.jpg 20151102 19 34
20151102_184007.jpg 20151102 19 40
20151102_184447.jpg 20151102 19 44
20151102_184946.jpg 20151102 19 49
20151102_190010.jpg 20151102 20 00
20151102_190444.jpg 20151102 20 04
20151102_190934.jpg 20151102 20 09
20151102_191502.jpg 20151102 20 14
20151102_191958.jpg 20151102 20 19
20151102_192455.jpg 20151102 20 24
20151102_192943.jpg 20151102 20 29
20151102_193436.jpg 20151102 20 34
20151102_193944.jpg 20151102 20 39
20151102_194452.jpg 20151102 20 44
20151102_194953.jpg 20151102 20 49
20151102_195443.jpg 20151102 20 54
20151102_195935.jpg 20151102 20 59
20151102_200942.jpg 20151102 21 09
20151102_201444.jpg 20151102 21 14
20151102_202001.jpg 20151102 21 19
20151102_202520.jpg 20151102 21 25
20151102_202957.jpg 20151102 21 29
20151102_203443.jpg 20151102 21 34
20151102_203959.jpg 20151102 21 39
20151102_204455.jpg 20151102 21 44
20151102_205001.jpg 20151102 21 49
20151102_205523.jpg 20151102 21 55
20151102_205944.jpg 20151102 21 59
20151102_210504.jpg 20151102 22 04
20151102_211006.jpg 20151102 22 09
20151102_211520.jpg 20151102 22 15
20151102_211942.jpg 20151102 22 19
20151102_212442.jpg 20151102 22 24
20151102_212942.jpg 20151102 22 29
20151102_213959.jpg 20151102 22 39
20151102_214504.jpg 20151102 22 44
20151102_214943.jpg 20151102 22 49
20151102_215456.jpg 20151102 22 54
20151102_220442.jpg 20151102 23 04
20151102_220958.jpg 20151102 23 09
20151102_221937.jpg 20151102 23 19
20151102_222524.jpg 20151102 23 25
20151102_222953.jpg 20151102 23 29
20151102_223524.jpg 20151102 23 35
20151102_223942.jpg 20151102 23 39
20151102_224441.jpg 20151102 23 44
20151102_224955.jpg 20151102 23 49
20151102_225443.jpg 20151102 23 54
20151102_225943.jpg 20151102 23 58
