20151101_230210.jpg 20151102 00 07
20151101_233123.jpg 20151102 00 36
20151102_000151.jpg 20151102 01 07
20151102_003122.jpg 20151102 01 36
20151102_010141.jpg 20151102 02 07
20151102_013132.jpg 20151102 02 36
20151102_020146.jpg 20151102 03 07
20151102_023126.jpg 20151102 03 36
20151102_030136.jpg 20151102 04 06
20151102_033121.jpg 20151102 04 36
20151102_040158.jpg 20151102 05 07
20151102_043116.jpg 20151102 05 36
20151102_050118.jpg 20151102 06 06
20151102_053129.jpg 20151102 06 36
20151102_060150.jpg 20151102 07 07
20151102_063117.jpg 20151102 07 36
20151102_070134.jpg 20151102 08 06
20151102_073131.jpg 20151102 08 36
20151102_080135.jpg 20151102 09 06
20151102_083131.jpg 20151102 09 36
20151102_090128.jpg 20151102 10 06
20151102_093120.jpg 20151102 10 36
20151102_100201.jpg 20151102 11 07
20151102_103128.jpg 20151102 11 36
20151102_110137.jpg 20151102 12 06
20151102_113120.jpg 20151102 12 36
20151102_120126.jpg 20151102 13 06
20151102_123122.jpg 20151102 13 36
20151102_130138.jpg 20151102 14 06
20151102_133133.jpg 20151102 14 36
20151102_140152.jpg 20151102 15 07
20151102_143117.jpg 20151102 15 36
20151102_150200.jpg 20151102 16 07
20151102_153118.jpg 20151102 16 36
20151102_160140.jpg 20151102 17 07
20151102_163119.jpg 20151102 17 36
20151102_170143.jpg 20151102 18 07
20151102_173119.jpg 20151102 18 36
20151102_180155.jpg 20151102 19 07
20151102_183141.jpg 20151102 19 37
20151102_190151.jpg 20151102 20 07
20151102_193147.jpg 20151102 20 37
20151102_200159.jpg 20151102 21 07
20151102_203116.jpg 20151102 21 36
20151102_210132.jpg 20151102 22 06
20151102_213129.jpg 20151102 22 36
20151102_220146.jpg 20151102 23 07
20151102_223127.jpg 20151102 23 36
20151108_230203.jpg 20151109 00 07
20151108_233201.jpg 20151109 00 37
20151109_003120.jpg 20151109 01 36
20151109_010159.jpg 20151109 02 07
20151109_013133.jpg 20151109 02 37
20151109_020218.jpg 20151109 03 07
20151109_023207.jpg 20151109 03 37
20151109_030214.jpg 20151109 04 07
20151109_033218.jpg 20151109 04 37
20151109_043114.jpg 20151109 05 36
20151109_050206.jpg 20151109 06 07
20151109_053148.jpg 20151109 06 37
20151109_060200.jpg 20151109 07 07
20151109_063203.jpg 20151109 07 37
20151109_070203.jpg 20151109 08 07
20151109_073216.jpg 20151109 08 37
20151109_083128.jpg 20151109 09 37
20151109_090144.jpg 20151109 10 07
20151109_093146.jpg 20151109 10 37
20151109_100154.jpg 20151109 11 07
20151109_103156.jpg 20151109 11 37
20151109_110158.jpg 20151109 12 07
20151109_113146.jpg 20151109 12 37
20151109_120216.jpg 20151109 13 07
20151109_130131.jpg 20151109 14 07
20151109_133142.jpg 20151109 14 37
20151109_140202.jpg 20151109 15 07
20151109_143152.jpg 20151109 15 37
20151109_150202.jpg 20151109 16 07
20151109_153203.jpg 20151109 16 37
20151109_163125.jpg 20151109 17 37
20151109_170148.jpg 20151109 18 07
20151109_173211.jpg 20151109 18 37
20151109_180151.jpg 20151109 19 07
20151109_183155.jpg 20151109 19 37
20151109_190210.jpg 20151109 20 07
20151109_193222.jpg 20151109 20 38
20151109_203124.jpg 20151109 21 37
20151109_210142.jpg 20151109 22 07
20151109_213129.jpg 20151109 22 37
20151109_220156.jpg 20151109 23 07
20151109_223152.jpg 20151109 23 37
