20151101_230541.jpg 20151102 00 04
20151101_233532.jpg 20151102 00 35
20151102_000532.jpg 20151102 01 05
20151102_003534.jpg 20151102 01 35
20151102_010539.jpg 20151102 02 04
20151102_013541.jpg 20151102 02 34
20151102_020536.jpg 20151102 03 05
20151102_023547.jpg 20151102 03 35
20151102_030529.jpg 20151102 04 05
20151102_033540.jpg 20151102 04 34
20151102_040540.jpg 20151102 05 05
20151102_043537.jpg 20151102 05 35
20151102_050533.jpg 20151102 06 05
20151102_053540.jpg 20151102 06 35
20151102_060539.jpg 20151102 07 05
20151102_063552.jpg 20151102 07 34
20151102_070527.jpg 20151102 08 05
20151102_073538.jpg 20151102 08 35
20151102_080537.jpg 20151102 09 05
20151102_083539.jpg 20151102 09 35
20151102_090540.jpg 20151102 10 04
20151102_093541.jpg 20151102 10 35
20151102_100534.jpg 20151102 11 04
20151102_103537.jpg 20151102 11 35
20151102_110537.jpg 20151102 12 05
20151102_113529.jpg 20151102 12 35
20151102_120525.jpg 20151102 13 05
20151102_123549.jpg 20151102 13 35
20151102_130532.jpg 20151102 14 05
20151102_133536.jpg 20151102 14 35
20151102_140549.jpg 20151102 15 05
20151102_143539.jpg 20151102 15 35
20151102_150534.jpg 20151102 16 04
20151102_153536.jpg 20151102 16 34
20151102_160533.jpg 20151102 17 05
20151102_163536.jpg 20151102 17 35
20151102_170537.jpg 20151102 18 04
20151102_173532.jpg 20151102 18 35
20151102_180538.jpg 20151102 19 04
20151102_183540.jpg 20151102 19 35
20151102_190539.jpg 20151102 20 05
20151102_193534.jpg 20151102 20 34
20151102_200554.jpg 20151102 21 04
20151102_203540.jpg 20151102 21 34
20151102_210537.jpg 20151102 22 04
20151102_213540.jpg 20151102 22 34
20151102_220540.jpg 20151102 23 04
20151102_223544.jpg 20151102 23 35
20151107_230621.jpg 20151108 00 06
20151107_233608.jpg 20151108 00 36
20151108_000606.jpg 20151108 01 06
20151108_003614.jpg 20151108 01 36
20151108_010619.jpg 20151108 02 06
20151108_013623.jpg 20151108 02 36
20151108_020623.jpg 20151108 03 06
20151108_023614.jpg 20151108 03 36
20151108_030620.jpg 20151108 04 05
20151108_033618.jpg 20151108 04 35
20151108_040618.jpg 20151108 05 05
20151108_043618.jpg 20151108 05 36
20151108_050611.jpg 20151108 06 06
20151108_053621.jpg 20151108 06 36
20151108_060631.jpg 20151108 07 06
20151108_070529.jpg 20151108 08 06
20151108_073532.jpg 20151108 08 35
20151108_080556.jpg 20151108 09 05
20151108_083616.jpg 20151108 09 36
20151108_090611.jpg 20151108 10 06
20151108_093613.jpg 20151108 10 36
20151108_100628.jpg 20151108 11 06
20151108_110535.jpg 20151108 12 05
20151108_113542.jpg 20151108 12 35
20151108_120550.jpg 20151108 13 05
20151108_123555.jpg 20151108 13 35
20151108_130551.jpg 20151108 14 04
20151108_133554.jpg 20151108 14 35
20151108_140601.jpg 20151108 15 05
20151108_143556.jpg 20151108 15 34
20151108_150602.jpg 20151108 16 06
20151108_153559.jpg 20151108 16 35
20151108_160559.jpg 20151108 17 05
20151108_163607.jpg 20151108 17 36
20151108_170613.jpg 20151108 18 05
20151108_173604.jpg 20151108 18 36
20151108_180606.jpg 20151108 19 06
20151108_183614.jpg 20151108 19 36
20151108_190620.jpg 20151108 20 05
20151108_193621.jpg 20151108 20 36
20151108_200623.jpg 20151108 21 05
20151108_203622.jpg 20151108 21 36
20151108_213539.jpg 20151108 22 35
20151108_220550.jpg 20151108 23 05
20151108_223609.jpg 20151108 23 36
