20151101_221025.jpg 20151102 00 10
20151101_224016.jpg 20151102 00 40
20151101_231022.jpg 20151102 01 10
20151101_234022.jpg 20151102 01 40
20151102_001022.jpg 20151102 02 10
20151102_004020.jpg 20151102 02 40
20151102_011029.jpg 20151102 03 10
20151102_014014.jpg 20151102 03 40
20151102_021011.jpg 20151102 04 10
20151102_024014.jpg 20151102 04 40
20151102_031014.jpg 20151102 05 10
20151102_034014.jpg 20151102 05 40
20151102_041019.jpg 20151102 06 10
20151102_044014.jpg 20151102 06 40
20151102_051017.jpg 20151102 07 10
20151102_054017.jpg 20151102 07 40
20151102_061019.jpg 20151102 08 10
20151102_064019.jpg 20151102 08 40
20151102_071012.jpg 20151102 09 10
20151102_074011.jpg 20151102 09 40
20151102_081022.jpg 20151102 10 10
20151102_084014.jpg 20151102 10 40
20151102_091018.jpg 20151102 11 10
20151102_094007.jpg 20151102 11 40
20151102_101027.jpg 20151102 12 10
20151102_104021.jpg 20151102 12 40
20151102_111019.jpg 20151102 13 10
20151102_114016.jpg 20151102 13 40
20151102_121013.jpg 20151102 14 10
20151102_124019.jpg 20151102 14 40
20151102_131019.jpg 20151102 15 10
20151102_134029.jpg 20151102 15 40
20151102_141016.jpg 20151102 16 10
20151102_144009.jpg 20151102 16 40
20151102_151018.jpg 20151102 17 10
20151102_154011.jpg 20151102 17 40
20151102_161010.jpg 20151102 18 10
20151102_164014.jpg 20151102 18 40
20151102_171019.jpg 20151102 19 10
20151102_174019.jpg 20151102 19 40
20151102_181015.jpg 20151102 20 10
20151102_184017.jpg 20151102 20 40
20151102_191018.jpg 20151102 21 10
20151102_194029.jpg 20151102 21 40
20151102_201022.jpg 20151102 22 10
20151102_204014.jpg 20151102 22 40
20151102_211019.jpg 20151102 23 10
20151102_214014.jpg 20151102 23 40
20151102_221015.jpg 20151103 00 10
20151102_224024.jpg 20151103 00 40
20151102_231023.jpg 20151103 01 10
20151102_234019.jpg 20151103 01 40
20151103_001023.jpg 20151103 02 10
20151103_004034.jpg 20151103 02 40
20151103_011033.jpg 20151103 03 10
20151103_014027.jpg 20151103 03 40
20151103_021028.jpg 20151103 04 10
20151103_024013.jpg 20151103 04 40
20151103_031021.jpg 20151103 05 10
20151103_034012.jpg 20151103 05 40
20151103_041015.jpg 20151103 06 10
20151103_044015.jpg 20151103 06 40
20151103_051010.jpg 20151103 07 10
20151103_054016.jpg 20151103 07 40
20151103_061024.jpg 20151103 08 10
20151103_064028.jpg 20151103 08 40
20151103_071013.jpg 20151103 09 10
20151103_074016.jpg 20151103 09 40
20151103_081033.jpg 20151103 10 10
20151103_084034.jpg 20151103 10 40
20151103_091012.jpg 20151103 11 10
20151103_094029.jpg 20151103 11 40
20151103_101012.jpg 20151103 12 10
20151103_104024.jpg 20151103 12 40
20151103_111028.jpg 20151103 13 10
20151103_114019.jpg 20151103 13 40
20151103_121012.jpg 20151103 14 10
20151103_124031.jpg 20151103 14 40
20151103_131029.jpg 20151103 15 10
20151103_134033.jpg 20151103 15 40
20151103_141031.jpg 20151103 16 10
20151103_144027.jpg 20151103 16 40
20151103_151031.jpg 20151103 17 10
20151103_154015.jpg 20151103 17 40
20151103_161015.jpg 20151103 18 10
20151103_164015.jpg 20151103 18 40
20151103_171111.jpg 20151103 19 11
20151103_181020.jpg 20151103 20 10
20151103_184032.jpg 20151103 20 40
20151103_191018.jpg 20151103 21 10
20151103_194033.jpg 20151103 21 40
20151103_201046.jpg 20151103 22 10
20151103_204026.jpg 20151103 22 40
20151103_211008.jpg 20151103 23 10
20151103_214012.jpg 20151103 23 40
