20151101_232220.jpg 20151102 00 20
20151101_235215.jpg 20151102 00 50
20151102_002224.jpg 20151102 01 20
20151102_005216.jpg 20151102 01 50
20151102_012227.jpg 20151102 02 20
20151102_015235.jpg 20151102 02 50
20151102_022223.jpg 20151102 03 20
20151102_025227.jpg 20151102 03 50
20151102_032223.jpg 20151102 04 20
20151102_035218.jpg 20151102 04 50
20151102_042222.jpg 20151102 05 20
20151102_045227.jpg 20151102 05 50
20151102_052230.jpg 20151102 06 20
20151102_055231.jpg 20151102 06 50
20151102_062219.jpg 20151102 07 20
20151102_065221.jpg 20151102 07 50
20151102_072213.jpg 20151102 08 20
20151102_075215.jpg 20151102 08 50
20151102_082217.jpg 20151102 09 20
20151102_085224.jpg 20151102 09 50
20151102_092216.jpg 20151102 10 20
20151102_095222.jpg 20151102 10 50
20151102_102218.jpg 20151102 11 20
20151102_105227.jpg 20151102 11 50
20151102_112224.jpg 20151102 12 20
20151102_115227.jpg 20151102 12 50
20151102_122227.jpg 20151102 13 20
20151102_125221.jpg 20151102 13 50
20151102_132217.jpg 20151102 14 20
20151102_135226.jpg 20151102 14 50
20151102_142219.jpg 20151102 15 20
20151102_145223.jpg 20151102 15 50
20151102_152227.jpg 20151102 16 20
20151102_155226.jpg 20151102 16 50
20151102_162216.jpg 20151102 17 20
20151102_165224.jpg 20151102 17 50
20151102_172222.jpg 20151102 18 20
20151102_175223.jpg 20151102 18 50
20151102_182220.jpg 20151102 19 20
20151102_185223.jpg 20151102 19 50
20151102_192221.jpg 20151102 20 20
20151102_195218.jpg 20151102 20 50
20151102_202218.jpg 20151102 21 20
20151102_205227.jpg 20151102 21 50
20151102_212235.jpg 20151102 22 20
20151102_215224.jpg 20151102 22 50
20151102_222225.jpg 20151102 23 20
20151102_225215.jpg 20151102 23 50
20151115_232259.jpg 20151116 00 20
20151116_002304.jpg 20151116 01 20
20151116_012254.jpg 20151116 02 20
20151116_022257.jpg 20151116 03 20
20151116_032330.jpg 20151116 04 20
20151116_042241.jpg 20151116 05 20
20151116_052240.jpg 20151116 06 20
20151116_062319.jpg 20151116 07 20
20151116_072228.jpg 20151116 08 20
20151116_075318.jpg 20151116 08 50
20151116_085312.jpg 20151116 09 50
20151116_095321.jpg 20151116 10 50
20151116_112314.jpg 20151116 12 20
20151116_122252.jpg 20151116 13 20
20151116_132238.jpg 20151116 14 20
20151116_135310.jpg 20151116 14 50
20151116_152317.jpg 20151116 16 20
20151116_155303.jpg 20151116 16 50
20151116_175224.jpg 20151116 18 50
20151116_182233.jpg 20151116 19 20
20151116_185305.jpg 20151116 19 50
20151116_192315.jpg 20151116 20 20
20151116_202223.jpg 20151116 21 20
20151116_205302.jpg 20151116 21 50
20151116_212312.jpg 20151116 22 20
20151116_222232.jpg 20151116 23 20
20151116_225247.jpg 20151116 23 50
