20151102_231527.jpg 20151103 00 15
20151102_234529.jpg 20151103 00 45
20151103_001525.jpg 20151103 01 15
20151103_004533.jpg 20151103 01 45
20151103_011531.jpg 20151103 02 15
20151103_014540.jpg 20151103 02 45
20151103_021524.jpg 20151103 03 15
20151103_024520.jpg 20151103 03 45
20151103_031532.jpg 20151103 04 15
20151103_034535.jpg 20151103 04 45
20151103_041535.jpg 20151103 05 15
20151103_044539.jpg 20151103 05 45
20151103_051545.jpg 20151103 06 15
20151103_054545.jpg 20151103 06 45
20151103_061527.jpg 20151103 07 15
20151103_064532.jpg 20151103 07 45
20151103_071527.jpg 20151103 08 15
20151103_074530.jpg 20151103 08 45
20151103_081525.jpg 20151103 09 15
20151103_084533.jpg 20151103 09 45
20151103_091531.jpg 20151103 10 15
20151103_094527.jpg 20151103 10 45
20151103_101539.jpg 20151103 11 15
20151103_104531.jpg 20151103 11 45
20151103_111523.jpg 20151103 12 15
20151103_114530.jpg 20151103 12 45
20151103_121553.jpg 20151103 13 15
20151103_124531.jpg 20151103 13 45
20151103_131534.jpg 20151103 14 15
20151103_134532.jpg 20151103 14 45
20151103_141540.jpg 20151103 15 15
20151103_144534.jpg 20151103 15 45
20151103_151531.jpg 20151103 16 15
20151103_154521.jpg 20151103 16 45
20151103_161533.jpg 20151103 17 15
20151103_164531.jpg 20151103 17 45
20151103_171605.jpg 20151103 18 15
20151103_174612.jpg 20151103 18 45
20151103_181548.jpg 20151103 19 15
20151103_184531.jpg 20151103 19 45
20151103_191538.jpg 20151103 20 15
20151103_194533.jpg 20151103 20 45
20151103_201534.jpg 20151103 21 15
20151103_211522.jpg 20151103 22 15
20151103_214535.jpg 20151103 22 45
20151103_221527.jpg 20151103 23 15
20151103_224521.jpg 20151103 23 45
20151103_231522.jpg 20151104 00 15
20151103_234526.jpg 20151104 00 45
20151104_001532.jpg 20151104 01 15
20151104_004527.jpg 20151104 01 45
20151104_011524.jpg 20151104 02 15
20151104_014535.jpg 20151104 02 45
20151104_021542.jpg 20151104 03 15
20151104_024526.jpg 20151104 03 45
20151104_031535.jpg 20151104 04 15
20151104_034526.jpg 20151104 04 45
20151104_041535.jpg 20151104 05 15
20151104_044533.jpg 20151104 05 45
20151104_051530.jpg 20151104 06 15
20151104_054528.jpg 20151104 06 45
20151104_061544.jpg 20151104 07 15
20151104_064534.jpg 20151104 07 45
20151104_071543.jpg 20151104 08 15
20151104_074543.jpg 20151104 08 45
20151104_081523.jpg 20151104 09 14
20151104_084528.jpg 20151104 09 45
20151104_091526.jpg 20151104 10 15
20151104_094520.jpg 20151104 10 45
20151104_101533.jpg 20151104 11 15
20151104_104532.jpg 20151104 11 45
20151104_111544.jpg 20151104 12 15
20151104_114519.jpg 20151104 12 45
20151104_121533.jpg 20151104 13 15
20151104_124529.jpg 20151104 13 45
20151104_131524.jpg 20151104 14 15
20151104_134531.jpg 20151104 14 45
20151104_141527.jpg 20151104 15 15
20151104_144530.jpg 20151104 15 45
20151104_151529.jpg 20151104 16 15
20151104_154535.jpg 20151104 16 45
20151104_161535.jpg 20151104 17 15
20151104_164539.jpg 20151104 17 45
20151104_171542.jpg 20151104 18 15
20151104_174542.jpg 20151104 18 45
20151104_181523.jpg 20151104 19 15
20151104_184524.jpg 20151104 19 45
20151104_191536.jpg 20151104 20 15
20151104_194535.jpg 20151104 20 45
20151104_201531.jpg 20151104 21 15
20151104_204527.jpg 20151104 21 45
20151104_211533.jpg 20151104 22 15
20151104_214540.jpg 20151104 22 45
20151104_221523.jpg 20151104 23 15
20151104_224532.jpg 20151104 23 45
