20151101_231132.jpg 20151102 00 06
20151101_234122.jpg 20151102 00 36
20151102_001123.jpg 20151102 01 06
20151102_004129.jpg 20151102 01 36
20151102_011134.jpg 20151102 02 06
20151102_014130.jpg 20151102 02 36
20151102_021130.jpg 20151102 03 06
20151102_024124.jpg 20151102 03 36
20151102_031134.jpg 20151102 04 06
20151102_034133.jpg 20151102 04 36
20151102_041120.jpg 20151102 05 06
20151102_044131.jpg 20151102 05 36
20151102_051130.jpg 20151102 06 06
20151102_054129.jpg 20151102 06 36
20151102_061115.jpg 20151102 07 06
20151102_064126.jpg 20151102 07 36
20151102_071133.jpg 20151102 08 06
20151102_074127.jpg 20151102 08 36
20151102_081120.jpg 20151102 09 06
20151102_084118.jpg 20151102 09 36
20151102_091130.jpg 20151102 10 06
20151102_094131.jpg 20151102 10 36
20151102_101119.jpg 20151102 11 06
20151102_104133.jpg 20151102 11 36
20151102_111124.jpg 20151102 12 06
20151102_114136.jpg 20151102 12 36
20151102_121127.jpg 20151102 13 06
20151102_124134.jpg 20151102 13 36
20151102_131132.jpg 20151102 14 06
20151102_134129.jpg 20151102 14 36
20151102_141123.jpg 20151102 15 06
20151102_144136.jpg 20151102 15 36
20151102_151131.jpg 20151102 16 06
20151102_154129.jpg 20151102 16 36
20151102_161126.jpg 20151102 17 06
20151102_164128.jpg 20151102 17 36
20151102_171130.jpg 20151102 18 06
20151102_174123.jpg 20151102 18 36
20151102_181124.jpg 20151102 19 06
20151102_184122.jpg 20151102 19 36
20151102_191130.jpg 20151102 20 06
20151102_194126.jpg 20151102 20 36
20151102_201121.jpg 20151102 21 06
20151102_204128.jpg 20151102 21 36
20151102_211131.jpg 20151102 22 06
20151102_214129.jpg 20151102 22 36
20151102_221126.jpg 20151102 23 06
20151102_224124.jpg 20151102 23 36
20151102_231137.jpg 20151103 00 06
20151102_234134.jpg 20151103 00 36
20151103_001128.jpg 20151103 01 06
20151103_004132.jpg 20151103 01 36
20151103_011133.jpg 20151103 02 06
20151103_014128.jpg 20151103 02 36
20151103_021136.jpg 20151103 03 06
20151103_024136.jpg 20151103 03 36
20151103_031130.jpg 20151103 04 06
20151103_034122.jpg 20151103 04 36
20151103_041128.jpg 20151103 05 06
20151103_044123.jpg 20151103 05 36
20151103_051128.jpg 20151103 06 06
20151103_054123.jpg 20151103 06 36
20151103_061124.jpg 20151103 07 06
20151103_064127.jpg 20151103 07 36
20151103_071124.jpg 20151103 08 06
20151103_074127.jpg 20151103 08 36
20151103_081125.jpg 20151103 09 06
20151103_084123.jpg 20151103 09 36
20151103_091126.jpg 20151103 10 06
20151103_094129.jpg 20151103 10 36
20151103_101126.jpg 20151103 11 06
20151103_104136.jpg 20151103 11 36
20151103_111138.jpg 20151103 12 06
20151103_114139.jpg 20151103 12 36
20151103_121119.jpg 20151103 13 06
20151103_124122.jpg 20151103 13 36
20151103_131132.jpg 20151103 14 06
20151103_134129.jpg 20151103 14 36
20151103_141126.jpg 20151103 15 06
20151103_144133.jpg 20151103 15 36
20151103_151131.jpg 20151103 16 06
20151103_154129.jpg 20151103 16 36
20151103_161128.jpg 20151103 17 06
20151103_164129.jpg 20151103 17 36
20151103_171218.jpg 20151103 18 11
20151103_174219.jpg 20151103 18 41
20151103_181137.jpg 20151103 19 06
20151103_184149.jpg 20151103 19 36
20151103_191131.jpg 20151103 20 06
20151103_194134.jpg 20151103 20 36
20151103_201156.jpg 20151103 21 11
20151103_204123.jpg 20151103 21 36
20151103_211140.jpg 20151103 22 06
20151103_214140.jpg 20151103 22 36
20151103_221131.jpg 20151103 23 06
20151103_224132.jpg 20151103 23 36
