20151101_232323.jpg 20151102 00 25
20151101_235317.jpg 20151102 00 55
20151102_002320.jpg 20151102 01 26
20151102_005319.jpg 20151102 01 55
20151102_012323.jpg 20151102 02 26
20151102_015324.jpg 20151102 02 55
20151102_022319.jpg 20151102 03 26
20151102_025329.jpg 20151102 03 56
20151102_032329.jpg 20151102 04 26
20151102_035312.jpg 20151102 04 56
20151102_042327.jpg 20151102 05 26
20151102_045332.jpg 20151102 05 55
20151102_052320.jpg 20151102 06 25
20151102_055325.jpg 20151102 06 56
20151102_062318.jpg 20151102 07 26
20151102_065321.jpg 20151102 07 55
20151102_072325.jpg 20151102 08 26
20151102_075333.jpg 20151102 08 56
20151102_082325.jpg 20151102 09 25
20151102_085312.jpg 20151102 09 56
20151102_092323.jpg 20151102 10 25
20151102_095330.jpg 20151102 10 56
20151102_102333.jpg 20151102 11 25
20151102_105319.jpg 20151102 11 56
20151102_112322.jpg 20151102 12 26
20151102_115321.jpg 20151102 12 55
20151102_122322.jpg 20151102 13 26
20151102_125325.jpg 20151102 13 56
20151102_132323.jpg 20151102 14 25
20151102_135322.jpg 20151102 14 55
20151102_142331.jpg 20151102 15 26
20151102_145324.jpg 20151102 15 56
20151102_152315.jpg 20151102 16 26
20151102_155330.jpg 20151102 16 55
20151102_162321.jpg 20151102 17 26
20151102_165324.jpg 20151102 17 55
20151102_172325.jpg 20151102 18 25
20151102_175311.jpg 20151102 18 56
20151102_182324.jpg 20151102 19 26
20151102_185325.jpg 20151102 19 56
20151102_192316.jpg 20151102 20 25
20151102_195311.jpg 20151102 20 56
20151102_202314.jpg 20151102 21 25
20151102_205323.jpg 20151102 21 56
20151102_212334.jpg 20151102 22 26
20151102_215330.jpg 20151102 22 55
20151102_222323.jpg 20151102 23 25
20151102_225315.jpg 20151102 23 56
20151102_232319.jpg 20151103 00 26
20151102_235326.jpg 20151103 00 55
20151103_002326.jpg 20151103 01 25
20151103_005313.jpg 20151103 01 56
20151103_012336.jpg 20151103 02 26
20151103_015328.jpg 20151103 02 56
20151103_022324.jpg 20151103 03 26
20151103_025335.jpg 20151103 03 56
20151103_032319.jpg 20151103 04 25
20151103_035320.jpg 20151103 04 56
20151103_042319.jpg 20151103 05 25
20151103_045326.jpg 20151103 05 55
20151103_052318.jpg 20151103 06 26
20151103_055331.jpg 20151103 06 56
20151103_062325.jpg 20151103 07 26
20151103_065326.jpg 20151103 07 56
20151103_072329.jpg 20151103 08 26
20151103_075316.jpg 20151103 08 56
20151103_082321.jpg 20151103 09 26
20151103_085322.jpg 20151103 09 56
20151103_092319.jpg 20151103 10 26
20151103_095326.jpg 20151103 10 56
20151103_102326.jpg 20151103 11 26
20151103_105327.jpg 20151103 11 56
20151103_112324.jpg 20151103 12 26
20151103_115317.jpg 20151103 12 56
20151103_122321.jpg 20151103 13 26
20151103_125320.jpg 20151103 13 55
20151103_132314.jpg 20151103 14 26
20151103_135322.jpg 20151103 14 55
20151103_142322.jpg 20151103 15 26
20151103_145331.jpg 20151103 15 56
20151103_152337.jpg 20151103 16 25
20151103_155319.jpg 20151103 16 56
20151103_162326.jpg 20151103 17 26
20151103_165338.jpg 20151103 17 56
20151103_172352.jpg 20151103 18 27
20151103_175334.jpg 20151103 18 55
20151103_182358.jpg 20151103 19 26
20151103_185331.jpg 20151103 19 56
20151103_192318.jpg 20151103 20 25
20151103_195344.jpg 20151103 20 57
20151103_202321.jpg 20151103 21 26
20151103_205324.jpg 20151103 21 56
20151103_212317.jpg 20151103 22 25
20151103_215327.jpg 20151103 22 55
20151103_222334.jpg 20151103 23 25
20151103_225331.jpg 20151103 23 56
