20151101_232544.jpg 20151102 00 25
20151101_235551.jpg 20151102 00 55
20151102_002549.jpg 20151102 01 25
20151102_005558.jpg 20151102 01 55
20151102_012545.jpg 20151102 02 25
20151102_015550.jpg 20151102 02 55
20151102_022556.jpg 20151102 03 25
20151102_025554.jpg 20151102 03 55
20151102_032554.jpg 20151102 04 25
20151102_035552.jpg 20151102 04 55
20151102_042547.jpg 20151102 05 25
20151102_045559.jpg 20151102 05 55
20151102_052554.jpg 20151102 06 25
20151102_055603.jpg 20151102 06 56
20151102_062547.jpg 20151102 07 25
20151102_065600.jpg 20151102 07 55
20151102_072559.jpg 20151102 08 25
20151102_075549.jpg 20151102 08 55
20151102_082549.jpg 20151102 09 25
20151102_085607.jpg 20151102 09 56
20151102_092547.jpg 20151102 10 25
20151102_095549.jpg 20151102 10 55
20151102_102556.jpg 20151102 11 25
20151102_105546.jpg 20151102 11 55
20151102_112554.jpg 20151102 12 25
20151102_115549.jpg 20151102 12 55
20151102_122603.jpg 20151102 13 26
20151102_125541.jpg 20151102 13 55
20151102_132555.jpg 20151102 14 25
20151102_135614.jpg 20151102 14 56
20151102_142552.jpg 20151102 15 25
20151102_145547.jpg 20151102 15 55
20151102_152557.jpg 20151102 16 25
20151102_155557.jpg 20151102 16 55
20151102_162609.jpg 20151102 17 26
20151102_165546.jpg 20151102 17 55
20151102_172553.jpg 20151102 18 25
20151102_175555.jpg 20151102 18 55
20151102_182555.jpg 20151102 19 25
20151102_185554.jpg 20151102 19 55
20151102_192549.jpg 20151102 20 25
20151102_195556.jpg 20151102 20 55
20151102_202550.jpg 20151102 21 25
20151102_205546.jpg 20151102 21 55
20151102_212553.jpg 20151102 22 25
20151102_215613.jpg 20151102 22 56
20151102_222603.jpg 20151102 23 26
20151102_225546.jpg 20151102 23 55
20151107_232619.jpg 20151108 00 26
20151107_235619.jpg 20151108 00 56
20151108_002634.jpg 20151108 01 26
20151108_005644.jpg 20151108 01 56
20151108_012644.jpg 20151108 02 26
20151108_022553.jpg 20151108 03 25
20151108_025557.jpg 20151108 03 55
20151108_032614.jpg 20151108 04 26
20151108_035634.jpg 20151108 04 56
20151108_042641.jpg 20151108 05 26
20151108_045647.jpg 20151108 05 56
20151108_055602.jpg 20151108 06 56
20151108_062634.jpg 20151108 07 26
20151108_072557.jpg 20151108 08 25
20151108_075616.jpg 20151108 08 56
20151108_082620.jpg 20151108 09 26
20151108_085635.jpg 20151108 09 56
20151108_092636.jpg 20151108 10 26
20151108_102553.jpg 20151108 11 25
20151108_105608.jpg 20151108 11 56
20151108_112629.jpg 20151108 12 26
20151108_115642.jpg 20151108 12 56
20151108_125549.jpg 20151108 13 55
20151108_132623.jpg 20151108 14 26
20151108_135611.jpg 20151108 14 56
20151108_142621.jpg 20151108 15 26
20151108_145626.jpg 20151108 15 56
20151108_152626.jpg 20151108 16 26
20151108_155640.jpg 20151108 16 56
20151108_162633.jpg 20151108 17 26
20151108_165643.jpg 20151108 17 56
20151108_175550.jpg 20151108 18 55
20151108_182601.jpg 20151108 19 25
20151108_185603.jpg 20151108 19 56
20151108_192613.jpg 20151108 20 26
20151108_195609.jpg 20151108 20 56
20151108_202633.jpg 20151108 21 26
20151108_205639.jpg 20151108 21 56
20151108_215602.jpg 20151108 22 56
20151108_222634.jpg 20151108 23 26
20151108_225642.jpg 20151108 23 56
