20151102_081938.jpg 20151102 00 19
20151102_084936.jpg 20151102 00 49
20151102_091934.jpg 20151102 01 19
20151102_094933.jpg 20151102 01 49
20151102_101940.jpg 20151102 02 19
20151102_104934.jpg 20151102 02 49
20151102_111932.jpg 20151102 03 19
20151102_114930.jpg 20151102 03 49
20151102_121933.jpg 20151102 04 19
20151102_124950.jpg 20151102 04 49
20151102_131934.jpg 20151102 05 19
20151102_134938.jpg 20151102 05 49
20151102_141940.jpg 20151102 06 19
20151102_144940.jpg 20151102 06 49
20151102_151944.jpg 20151102 07 19
20151102_154930.jpg 20151102 07 49
20151102_161939.jpg 20151102 08 19
20151102_164923.jpg 20151102 08 49
20151102_171942.jpg 20151102 09 19
20151102_174927.jpg 20151102 09 49
20151102_181932.jpg 20151102 10 19
20151102_184937.jpg 20151102 10 49
20151102_191931.jpg 20151102 11 19
20151102_194934.jpg 20151102 11 49
20151102_201932.jpg 20151102 12 19
20151102_204927.jpg 20151102 12 49
20151102_211943.jpg 20151102 13 19
20151102_214940.jpg 20151102 13 49
20151102_221942.jpg 20151102 14 19
20151102_224922.jpg 20151102 14 49
20151102_231943.jpg 20151102 15 19
20151102_234934.jpg 20151102 15 49
20151103_001931.jpg 20151102 16 19
20151103_004941.jpg 20151102 16 49
20151103_011931.jpg 20151102 17 19
20151103_014944.jpg 20151102 17 49
20151103_021930.jpg 20151102 18 19
20151103_024933.jpg 20151102 18 49
20151103_031946.jpg 20151102 19 19
20151103_034927.jpg 20151102 19 49
20151103_041940.jpg 20151102 20 19
20151103_044928.jpg 20151102 20 49
20151103_051937.jpg 20151102 21 19
20151103_054934.jpg 20151102 21 49
20151103_061933.jpg 20151102 22 19
20151103_064951.jpg 20151102 22 49
20151103_071936.jpg 20151102 23 19
20151103_074945.jpg 20151102 23 49
20151103_082000.jpg 20151103 00 19
20151103_084942.jpg 20151103 00 49
20151103_091942.jpg 20151103 01 19
20151103_094926.jpg 20151103 01 49
20151103_101939.jpg 20151103 02 19
20151103_104934.jpg 20151103 02 49
20151103_111938.jpg 20151103 03 19
20151103_114932.jpg 20151103 03 49
20151103_121937.jpg 20151103 04 19
20151103_124932.jpg 20151103 04 49
20151103_131932.jpg 20151103 05 19
20151103_134940.jpg 20151103 05 49
20151103_141938.jpg 20151103 06 19
20151103_144943.jpg 20151103 06 49
20151103_151934.jpg 20151103 07 19
20151103_154934.jpg 20151103 07 49
20151103_161939.jpg 20151103 08 19
20151103_164942.jpg 20151103 08 49
20151103_174934.jpg 20151103 09 19
20151103_181931.jpg 20151103 10 19
20151103_184936.jpg 20151103 10 49
20151103_191941.jpg 20151103 11 19
20151103_194938.jpg 20151103 11 49
20151103_201935.jpg 20151103 12 19
20151103_204931.jpg 20151103 12 49
20151103_211930.jpg 20151103 13 19
20151103_214943.jpg 20151103 13 49
20151103_221930.jpg 20151103 14 19
20151103_224925.jpg 20151103 14 49
20151103_231937.jpg 20151103 15 19
20151103_234937.jpg 20151103 15 49
20151104_001954.jpg 20151103 16 19
20151104_005016.jpg 20151103 16 49
20151104_011934.jpg 20151103 17 19
20151104_014935.jpg 20151103 17 49
20151104_021924.jpg 20151103 18 19
20151104_024933.jpg 20151103 18 49
20151104_031933.jpg 20151103 19 19
20151104_034938.jpg 20151103 19 49
20151104_041949.jpg 20151103 20 19
20151104_044951.jpg 20151103 20 49
20151104_051925.jpg 20151103 21 19
20151104_054934.jpg 20151103 21 49
20151104_061934.jpg 20151103 22 19
20151104_064932.jpg 20151103 22 49
20151104_071937.jpg 20151103 23 19
20151104_074934.jpg 20151103 23 49
