20151118_231631.jpg 20151119 00 16
20151119_001551.jpg 20151119 01 14
20151119_004611.jpg 20151119 01 46
20151119_011640.jpg 20151119 02 16
20151119_021550.jpg 20151119 03 14
20151119_024602.jpg 20151119 03 44
20151119_031610.jpg 20151119 04 16
20151119_034611.jpg 20151119 04 46
20151119_041618.jpg 20151119 05 16
20151119_044622.jpg 20151119 05 46
20151119_054558.jpg 20151119 06 44
20151119_061617.jpg 20151119 07 16
20151119_064640.jpg 20151119 07 46
20151119_074557.jpg 20151119 08 44
20151119_081621.jpg 20151119 09 16
20151119_084642.jpg 20151119 09 46
20151119_094554.jpg 20151119 10 44
20151119_101603.jpg 20151119 11 14
20151119_104608.jpg 20151119 11 46
20151119_111619.jpg 20151119 12 16
20151119_114627.jpg 20151119 12 46
20151119_124559.jpg 20151119 13 44
20151119_131637.jpg 20151119 14 16
20151119_141558.jpg 20151119 15 14
20151119_144620.jpg 20151119 15 46
20151119_151625.jpg 20151119 16 16
20151119_154629.jpg 20151119 16 46
20151119_161642.jpg 20151119 17 16
20151119_171552.jpg 20151119 18 14
20151119_174557.jpg 20151119 18 44
20151119_181618.jpg 20151119 19 16
20151119_184625.jpg 20151119 19 46
20151119_191620.jpg 20151119 20 16
20151119_194636.jpg 20151119 20 46
20151119_204557.jpg 20151119 21 44
20151119_211601.jpg 20151119 22 14
20151119_214619.jpg 20151119 22 46
20151119_221636.jpg 20151119 23 16
20151119_231556.jpg 20151120 00 14
20151120_001602.jpg 20151120 01 14
20151120_004607.jpg 20151120 01 44
20151120_011617.jpg 20151120 02 16
20151120_014623.jpg 20151120 02 46
20151120_021624.jpg 20151120 03 16
20151120_024638.jpg 20151120 03 46
20151120_031648.jpg 20151120 04 16
20151120_041606.jpg 20151120 05 14
20151120_044614.jpg 20151120 05 46
20151120_051621.jpg 20151120 06 16
20151120_054642.jpg 20151120 06 46
20151120_064605.jpg 20151120 07 44
20151120_071628.jpg 20151120 08 16
20151120_074644.jpg 20151120 08 46
20151120_084611.jpg 20151120 09 44
20151120_094622.jpg 20151120 10 46
20151120_101642.jpg 20151120 11 16
20151120_111558.jpg 20151120 12 14
20151120_114613.jpg 20151120 12 46
20151120_121631.jpg 20151120 13 16
20151120_124644.jpg 20151120 13 46
20151120_131644.jpg 20151120 14 16
20151120_141600.jpg 20151120 15 14
20151120_144605.jpg 20151120 15 44
20151120_151625.jpg 20151120 16 16
20151120_154639.jpg 20151120 16 46
20151120_164546.jpg 20151120 17 44
20151120_171604.jpg 20151120 18 14
20151120_174627.jpg 20151120 18 46
20151120_181643.jpg 20151120 19 16
20151120_191559.jpg 20151120 20 14
20151120_194616.jpg 20151120 20 46
20151120_201632.jpg 20151120 21 16
20151120_211601.jpg 20151120 22 14
20151120_214605.jpg 20151120 22 44
20151120_221605.jpg 20151120 23 14
20151120_224613.jpg 20151120 23 46
