20151102_060125.jpg 20151102 00 01
20151102_063054.jpg 20151102 00 30
20151102_070052.jpg 20151102 01 00
20151102_073053.jpg 20151102 01 30
20151102_080107.jpg 20151102 02 01
20151102_083046.jpg 20151102 02 30
20151102_090105.jpg 20151102 03 00
20151102_093044.jpg 20151102 03 30
20151102_100102.jpg 20151102 04 00
20151102_103048.jpg 20151102 04 30
20151102_110108.jpg 20151102 05 00
20151102_113052.jpg 20151102 05 30
20151102_120056.jpg 20151102 06 00
20151102_123056.jpg 20151102 06 30
20151102_130116.jpg 20151102 07 01
20151102_133045.jpg 20151102 07 30
20151102_140059.jpg 20151102 08 00
20151102_143043.jpg 20151102 08 30
20151102_150116.jpg 20151102 09 01
20151102_153044.jpg 20151102 09 30
20151102_160120.jpg 20151102 10 01
20151102_163054.jpg 20151102 10 30
20151102_170131.jpg 20151102 11 01
20151102_173059.jpg 20151102 11 30
20151102_180128.jpg 20151102 12 01
20151102_183043.jpg 20151102 12 30
20151102_190100.jpg 20151102 13 00
20151102_193057.jpg 20151102 13 30
20151102_200102.jpg 20151102 14 00
20151102_203049.jpg 20151102 14 30
20151102_210101.jpg 20151102 15 00
20151102_213053.jpg 20151102 15 30
20151102_220102.jpg 20151102 16 00
20151102_223059.jpg 20151102 16 30
20151102_230131.jpg 20151102 17 01
20151102_233101.jpg 20151102 17 30
20151103_000129.jpg 20151102 18 01
20151103_003103.jpg 20151102 18 30
20151103_010107.jpg 20151102 19 00
20151103_013050.jpg 20151102 19 30
20151103_020103.jpg 20151102 20 00
20151103_023049.jpg 20151102 20 30
20151103_030121.jpg 20151102 21 01
20151103_033045.jpg 20151102 21 30
20151103_040059.jpg 20151102 22 00
20151103_043054.jpg 20151102 22 30
20151103_050108.jpg 20151102 23 01
20151103_053043.jpg 20151102 23 30
20151108_060139.jpg 20151108 00 01
20151108_063141.jpg 20151108 00 31
20151108_073056.jpg 20151108 01 30
20151108_080116.jpg 20151108 02 01
20151108_083054.jpg 20151108 02 30
20151108_090105.jpg 20151108 03 00
20151108_093045.jpg 20151108 03 30
20151108_100103.jpg 20151108 04 00
20151108_103055.jpg 20151108 04 30
20151108_110058.jpg 20151108 05 00
20151108_113047.jpg 20151108 05 30
20151108_120108.jpg 20151108 06 01
20151108_123047.jpg 20151108 06 30
20151108_130126.jpg 20151108 07 01
20151108_133058.jpg 20151108 07 30
20151108_140108.jpg 20151108 08 00
20151108_143057.jpg 20151108 08 30
20151108_150134.jpg 20151108 09 01
20151108_153133.jpg 20151108 09 31
20151108_160137.jpg 20151108 10 01
20151108_163140.jpg 20151108 10 31
20151108_173047.jpg 20151108 11 30
20151108_180109.jpg 20151108 12 01
20151108_183053.jpg 20151108 12 30
20151108_190132.jpg 20151108 13 01
20151108_193104.jpg 20151108 13 30
20151108_200131.jpg 20151108 14 01
20151108_203121.jpg 20151108 14 31
20151108_210118.jpg 20151108 15 01
20151108_213123.jpg 20151108 15 31
20151108_220136.jpg 20151108 16 01
20151108_223118.jpg 20151108 16 31
20151108_233053.jpg 20151108 17 30
20151109_000111.jpg 20151108 18 01
20151109_003053.jpg 20151108 18 30
20151109_010123.jpg 20151108 19 01
20151109_013055.jpg 20151108 19 30
20151109_020122.jpg 20151108 20 01
20151109_023113.jpg 20151108 20 31
20151109_030124.jpg 20151108 21 01
20151109_033110.jpg 20151108 21 31
20151109_040122.jpg 20151108 22 01
20151109_043053.jpg 20151108 22 30
20151109_050135.jpg 20151108 23 01 
20151109_053106.jpg 20151108 23 31
